{
  "advancedEditorSelectedIdentifier" : "ProjectBrowser",
  "openSceneRelativePaths" : [
    "Immersive.usda"
  ],
  "recentIdentifiers" : {
    "1D572CEB-057A-41C3-B575-04C37501A3C0" : [

    ]
  },
  "sceneCameraHistory" : {
    "1D572CEB-057A-41C3-B575-04C37501A3C0" : [
      {
        "date" : 740849915.182267,
        "title" : "Untitled",
        "transform" : [
          0.9865518,
          -1.4907906e-09,
          0.16344927,
          0,
          -0.013509976,
          0.99657816,
          0.0815439,
          0,
          -0.16288994,
          -0.082655504,
          0.983176,
          0,
          0.6599063,
          0.04317659,
          2.960078,
          1
        ]
      },
      {
        "date" : 740361605.656336,
        "title" : "Untitled",
        "transform" : [
          0.9968716,
          -4.414164e-10,
          0.07903806,
          0,
          0.011373295,
          0.98959273,
          -0.14344627,
          0,
          -0.078215465,
          0.14389642,
          0.9864969,
          0,
          0.920835,
          0.6677139,
          2.7442489,
          1
        ]
      },
      {
        "date" : 740333912.835712,
        "title" : "Untitled",
        "transform" : [
          0.9332906,
          -2.4125232e-10,
          0.35912195,
          0,
          0.023427993,
          0.99786985,
          -0.060884964,
          0,
          -0.35835695,
          0.065236874,
          0.9313026,
          0,
          0.08688943,
          0.4551725,
          2.9342713,
          1
        ]
      },
      {
        "date" : 740333908.489404,
        "title" : "Untitled",
        "transform" : [
          0.8641432,
          -6.852625e-10,
          0.50324607,
          0,
          0.047877632,
          0.99546415,
          -0.08221252,
          0,
          -0.5009634,
          0.09513762,
          0.86022353,
          0,
          -0.36989513,
          0.536376,
          2.8898847,
          1
        ]
      },
      {
        "date" : 740333904.718003,
        "title" : "Untitled",
        "transform" : [
          0.8641432,
          -6.852625e-10,
          0.50324607,
          0,
          0.047877632,
          0.99546415,
          -0.08221252,
          0,
          -0.5009634,
          0.09513762,
          0.86022353,
          0,
          0.5769253,
          0.35656613,
          1.2640618,
          1
        ]
      },
      {
        "date" : 740333902.08866,
        "title" : "Untitled",
        "transform" : [
          0.8641432,
          -6.852625e-10,
          0.50324607,
          0,
          0.047877632,
          0.99546415,
          -0.08221252,
          0,
          -0.5009634,
          0.09513762,
          0.86022353,
          0,
          0.5769253,
          0.35656613,
          1.2640618,
          1
        ]
      },
      {
        "date" : 740333811.682685,
        "title" : "Untitled",
        "transform" : [
          0.98030114,
          5.3336446e-11,
          0.19750863,
          0,
          0.044070352,
          0.9747884,
          -0.21873584,
          0,
          -0.19252913,
          0.22313127,
          0.9555862,
          0,
          1.7329032,
          0.8362735,
          1.621472,
          1
        ]
      },
      {
        "date" : 740333809.13898,
        "title" : "Untitled",
        "transform" : [
          0.98030114,
          5.3336446e-11,
          0.19750863,
          0,
          0.044070352,
          0.9747884,
          -0.21873584,
          0,
          -0.19252913,
          0.22313127,
          0.9555862,
          0,
          1.6879379,
          0.8362711,
          1.612413,
          1
        ]
      },
      {
        "date" : 740333793.601102,
        "title" : "Untitled",
        "transform" : [
          0.79679984,
          1.3104895e-09,
          -0.60424346,
          0,
          -0.13119768,
          0.97614336,
          -0.17300689,
          0,
          0.5898282,
          0.21712719,
          0.7777908,
          0,
          4.620133,
          0.81376886,
          0.9460535,
          1
        ]
      },
      {
        "date" : 740333789.266947,
        "title" : "Untitled",
        "transform" : [
          0.7967998,
          1.3104895e-09,
          -0.60424346,
          0,
          -0.13119768,
          0.9761433,
          -0.17300689,
          0,
          0.5898282,
          0.21712719,
          0.7777908,
          0,
          4.620133,
          0.81376886,
          0.9460535,
          1
        ]
      }
    ],
    "6526FD5C-D14C-4922-9476-4116F6DA8CDF" : [
      {
        "date" : 740221556.906234,
        "title" : "Untitled",
        "transform" : [
          1,
          0,
          -0,
          0,
          -0,
          0.8660254,
          -0.5,
          0,
          0,
          0.5,
          0.8660254,
          0,
          0,
          0.23308825,
          0.4037207,
          1
        ]
      }
    ],
    "D66134B1-3681-4A8E-AFE5-29F257229F3B" : [
      {
        "date" : 740360518.511725,
        "title" : "Untitled",
        "transform" : [
          0.99999994,
          0,
          -0,
          0,
          -0,
          0.86602515,
          -0.5000003,
          0,
          0,
          0.5000003,
          0.86602515,
          0,
          0,
          0.41797873,
          0.72396046,
          1
        ]
      }
    ]
  },
  "selectedSceneRelativePath" : "Immersive.usda"
}