{
  "advancedEditorSelectedIdentifier" : "ProjectBrowser",
  "openSceneRelativePaths" : [
    "Immersive.usda"
  ],
  "recentIdentifiers" : {
    "1D572CEB-057A-41C3-B575-04C37501A3C0" : [

    ]
  },
  "sceneCameraHistory" : {
    "1D572CEB-057A-41C3-B575-04C37501A3C0" : [
      {
        "date" : 740333912.835712,
        "title" : "Untitled",
        "transform" : [
          0.9332906,
          -2.4125232e-10,
          0.35912195,
          0,
          0.023427993,
          0.99786985,
          -0.060884964,
          0,
          -0.35835695,
          0.065236874,
          0.9313026,
          0,
          0.08688943,
          0.4551725,
          2.9342713,
          1
        ]
      },
      {
        "date" : 740333908.489404,
        "title" : "Untitled",
        "transform" : [
          0.8641432,
          -6.852625e-10,
          0.50324607,
          0,
          0.047877632,
          0.99546415,
          -0.08221252,
          0,
          -0.5009634,
          0.09513762,
          0.86022353,
          0,
          -0.36989513,
          0.536376,
          2.8898847,
          1
        ]
      },
      {
        "date" : 740333904.718003,
        "title" : "Untitled",
        "transform" : [
          0.8641432,
          -6.852625e-10,
          0.50324607,
          0,
          0.047877632,
          0.99546415,
          -0.08221252,
          0,
          -0.5009634,
          0.09513762,
          0.86022353,
          0,
          0.5769253,
          0.35656613,
          1.2640618,
          1
        ]
      },
      {
        "date" : 740333902.08866,
        "title" : "Untitled",
        "transform" : [
          0.8641432,
          -6.852625e-10,
          0.50324607,
          0,
          0.047877632,
          0.99546415,
          -0.08221252,
          0,
          -0.5009634,
          0.09513762,
          0.86022353,
          0,
          0.5769253,
          0.35656613,
          1.2640618,
          1
        ]
      },
      {
        "date" : 740333811.682685,
        "title" : "Untitled",
        "transform" : [
          0.98030114,
          5.3336446e-11,
          0.19750863,
          0,
          0.044070352,
          0.9747884,
          -0.21873584,
          0,
          -0.19252913,
          0.22313127,
          0.9555862,
          0,
          1.7329032,
          0.8362735,
          1.621472,
          1
        ]
      },
      {
        "date" : 740333809.13898,
        "title" : "Untitled",
        "transform" : [
          0.98030114,
          5.3336446e-11,
          0.19750863,
          0,
          0.044070352,
          0.9747884,
          -0.21873584,
          0,
          -0.19252913,
          0.22313127,
          0.9555862,
          0,
          1.6879379,
          0.8362711,
          1.612413,
          1
        ]
      },
      {
        "date" : 740333793.601102,
        "title" : "Untitled",
        "transform" : [
          0.79679984,
          1.3104895e-09,
          -0.60424346,
          0,
          -0.13119768,
          0.97614336,
          -0.17300689,
          0,
          0.5898282,
          0.21712719,
          0.7777908,
          0,
          4.620133,
          0.81376886,
          0.9460535,
          1
        ]
      },
      {
        "date" : 740333789.266947,
        "title" : "Untitled",
        "transform" : [
          0.7967998,
          1.3104895e-09,
          -0.60424346,
          0,
          -0.13119768,
          0.9761433,
          -0.17300689,
          0,
          0.5898282,
          0.21712719,
          0.7777908,
          0,
          4.620133,
          0.81376886,
          0.9460535,
          1
        ]
      },
      {
        "date" : 740333686.805342,
        "title" : "Untitled",
        "transform" : [
          0.99672806,
          -1.8933438e-10,
          0.08082725,
          0,
          0.007207864,
          0.99601585,
          -0.088884376,
          0,
          -0.08050523,
          0.08917615,
          0.99275696,
          0,
          2.1077967,
          0.33422232,
          1.7517219,
          1
        ]
      },
      {
        "date" : 740333671.867208,
        "title" : "Untitled",
        "transform" : [
          0.9555554,
          -4.736389e-11,
          0.29481187,
          0,
          0.005516485,
          0.99982494,
          -0.01788024,
          0,
          -0.29476023,
          0.018711884,
          0.95538807,
          0,
          1.3050313,
          0.096766606,
          1.7677219,
          1
        ]
      }
    ],
    "6526FD5C-D14C-4922-9476-4116F6DA8CDF" : [
      {
        "date" : 740221556.906234,
        "title" : "Untitled",
        "transform" : [
          1,
          0,
          -0,
          0,
          -0,
          0.8660254,
          -0.5,
          0,
          0,
          0.5,
          0.8660254,
          0,
          0,
          0.23308825,
          0.4037207,
          1
        ]
      }
    ]
  },
  "selectedSceneRelativePath" : "Immersive.usda"
}